The initial cost matrix is: 

 0:  0   1   1   1   1   1   1   1   1   1   0   0   0   0   0   0   0   0   0   
 1:  1   0   1   1   1   1   1   1   1   1   1   0   0   0   0   0   0   0   0   
 2:  1   1   0   1   1   1   1   1   1   1   1   1   0   0   0   0   0   0   0   
 3:  1   1   1   0   1   1   1   1   1   1   1   1   1   0   0   0   0   0   0   
 4:  1   1   1   1   0   1   1   1   1   1   1   1   1   1   0   0   0   0   0   
 5:  1   1   1   1   1   0   1   1   1   1   1   1   1   1   1   0   0   0   0   
 6:  1   1   1   1   1   1   0   1   1   1   1   1   1   1   1   1   0   0   0   
 7:  1   1   1   1   1   1   1   0   1   1   1   1   1   1   1   1   1   0   0   
 8:  1   1   1   1   1   1   1   1   0   1   1   1   1   1   1   1   1   1   0   
 9:  1   1   1   1   1   1   1   1   1   0   1   1   1   1   1   1   1   1   1   
10:  0   1   1   1   1   1   1   1   1   1   0   1   1   1   1   1   1   1   1   
11:  0   0   1   1   1   1   1   1   1   1   1   0   1   1   1   1   1   1   1   
12:  0   0   0   1   1   1   1   1   1   1   1   1   0   1   1   1   1   1   1   
13:  0   0   0   0   1   1   1   1   1   1   1   1   1   0   1   1   1   1   1   
14:  0   0   0   0   0   1   1   1   1   1   1   1   1   1   0   1   1   1   1   
15:  0   0   0   0   0   0   1   1   1   1   1   1   1   1   1   0   1   1   1   
16:  0   0   0   0   0   0   0   1   1   1   1   1   1   1   1   1   0   1   1   
17:  0   0   0   0   0   0   0   0   1   1   1   1   1   1   1   1   1   0   1   
18:  0   0   0   0   0   0   0   0   0   1   1   1   1   1   1   1   1   1   0   


The Shortest Distance is: 

 0:  0   0   0   0   0   0   0   0   0   1   0   0   0   0   0   0   0   0   0   
 1:  0   0   0   0   0   0   0   0   0   1   0   0   0   0   0   0   0   0   0   
 2:  0   0   0   0   0   0   0   0   0   1   0   0   0   0   0   0   0   0   0   
 3:  0   0   0   0   0   0   0   0   0   1   0   0   0   0   0   0   0   0   0   
 4:  0   0   0   0   0   0   0   0   0   1   0   0   0   0   0   0   0   0   0   
 5:  0   0   0   0   0   0   0   0   0   1   0   0   0   0   0   0   0   0   0   
 6:  0   0   0   0   0   0   0   0   0   1   0   0   0   0   0   0   0   0   0   
 7:  0   0   0   0   0   0   0   0   0   1   0   0   0   0   0   0   0   0   0   
 8:  0   0   0   0   0   0   0   0   0   1   0   0   0   0   0   0   0   0   0   
 9:  1   1   1   1   1   1   1   1   1   0   1   1   1   1   1   1   1   1   1   
10:  0   0   0   0   0   0   0   0   0   1   0   0   0   0   0   0   0   0   0   
11:  0   0   0   0   0   0   0   0   0   1   0   0   0   0   0   0   0   0   0   
12:  0   0   0   0   0   0   0   0   0   1   0   0   0   0   0   0   0   0   0   
13:  0   0   0   0   0   0   0   0   0   1   0   0   0   0   0   0   0   0   0   
14:  0   0   0   0   0   0   0   0   0   1   0   0   0   0   0   0   0   0   0   
15:  0   0   0   0   0   0   0   0   0   1   0   0   0   0   0   0   0   0   0   
16:  0   0   0   0   0   0   0   0   0   1   0   0   0   0   0   0   0   0   0   
17:  0   0   0   0   0   0   0   0   0   1   0   0   0   0   0   0   0   0   0   
18:  0   0   0   0   0   0   0   0   0   1   0   0   0   0   0   0   0   0   0   


The Shortest Path is: 

 0:   -1 11 12 13 14 15 16 17 18 -1 -1 -1 -1 -1 -1 -1 -1 -1 -1
 1:   11 -1 12 13 14 15 16 17 18 -1 11 -1 -1 -1 -1 -1 -1 -1 -1
 2:   12 12 -1 13 14 15 16 17 18 -1 12 12 -1 -1 -1 -1 -1 -1 -1
 3:   13 13 13 -1 14 15 16 17 18 -1 13 13 13 -1 -1 -1 -1 -1 -1
 4:   14 14 14 14 -1 15 16 17 18 -1 14 14 14 14 -1 -1 -1 -1 -1
 5:   15 15 15 15 15 -1 16 17 18 -1 15 15 15 15 15 -1 -1 -1 -1
 6:   16 16 16 16 16 16 -1 17 18 -1 16 16 16 16 16 16 -1 -1 -1
 7:   17 17 17 17 17 17 17 -1 18 -1 17 17 17 17 17 17 17 -1 -1
 8:   18 18 18 18 18 18 18 18 -1 -1 18 18 18 18 18 18 18 18 -1
 9:   -1 -1 -1 -1 -1 -1 -1 -1 -1 -1 -1 -1 -1 -1 -1 -1 -1 -1 -1
10:   -1 11 12 13 14 15 16 17 18 -1 -1  0  0  0  0  0  0  0  0
11:   -1 -1 12 13 14 15 16 17 18 -1  0 -1  0  0  0  0  0  0  0
12:   -1 -1 -1 13 14 15 16 17 18 -1  0  0 -1  0  0  0  0  0  0
13:   -1 -1 -1 -1 14 15 16 17 18 -1  0  0  0 -1  0  0  0  0  0
14:   -1 -1 -1 -1 -1 15 16 17 18 -1  0  0  0  0 -1  0  0  0  0
15:   -1 -1 -1 -1 -1 -1 16 17 18 -1  0  0  0  0  0 -1  0  0  0
16:   -1 -1 -1 -1 -1 -1 -1 17 18 -1  0  0  0  0  0  0 -1  0  0
17:   -1 -1 -1 -1 -1 -1 -1 -1 18 -1  0  0  0  0  0  0  0 -1  0
18:   -1 -1 -1 -1 -1 -1 -1 -1 -1 -1  0  0  0  0  0  0  0  0 -1
